%YAML:1.0
---
R: !!opencv-matrix
   rows: 3
   cols: 3
   dt: d
   data: [ 9.9737651363818025e-01, 7.0449404595191991e-03,
       7.2044839210526720e-02, -8.7487118481275588e-03,
       9.9968882252326530e-01, 2.3360611358562801e-02,
       -7.1857846363130404e-02, -2.3929624651657412e-02,
       9.9712778668537949e-01 ]
T: !!opencv-matrix
   rows: 3
   cols: 1
   dt: d
   data: [ -2.3100812042794685e+09, 1.0880224910676392e+07,
       7.3832834622334450e+07 ]
R1: !!opencv-matrix
   rows: 3
   cols: 3
   dt: d
   data: [ 9.9919308619353897e-01, 3.0997185467581704e-03,
       4.0044578259258341e-02, -3.5741436707546360e-03,
       9.9992421070476945e-01, 1.1781270876469950e-02,
       -4.0005024685054083e-02, -1.1914889482275436e-02,
       9.9912843689316211e-01 ]
R2: !!opencv-matrix
   rows: 3
   cols: 3
   dt: d
   data: [ 9.9947855929363050e-01, -4.7074325778540668e-03,
       -3.1944476687741682e-02, 4.3284193408583685e-03,
       9.9991954365529079e-01, -1.1923548222101120e-02,
       3.1998035851258065e-02, 1.1779061707964934e-02,
       9.9941852064435022e-01 ]
P1: !!opencv-matrix
   rows: 3
   cols: 4
   dt: d
   data: [ 4.6023356334194000e+02, 0., 3.3516184997558594e+02, 0., 0.,
       4.6023356334194000e+02, 2.3827657890319824e+02, 0., 0., 0., 1.,
       0. ]
P2: !!opencv-matrix
   rows: 3
   cols: 4
   dt: d
   data: [ 4.6023356334194000e+02, 0., 3.3516184997558594e+02,
       -1.0637315771997823e+12, 0., 4.6023356334194000e+02,
       2.3827657890319824e+02, 0., 0., 0., 1., 0. ]
Q: !!opencv-matrix
   rows: 4
   cols: 4
   dt: d
   data: [ 1., 0., 0., -3.3516184997558594e+02, 0., 1., 0.,
       -2.3827657890319824e+02, 0., 0., 0., 4.6023356334194000e+02, 0.,
       0., 4.3265949155470285e-10, 0. ]
