%YAML:1.0
---
M1: !!opencv-matrix
   rows: 3
   cols: 3
   dt: d
   data: [ 5.7379552473684555e+02, 0., 3.2065119230911796e+02, 0.,
       5.6749179841638488e+02, 2.3854025899068759e+02, 0., 0., 1. ]
D1: !!opencv-matrix
   rows: 1
   cols: 14
   dt: d
   data: [ -2.9582755084562945e-01, 8.1805457904302958e-01, 0., 0., 0.,
       0., 0., 5.7515902669251695e-01, 0., 0., 0., 0., 0., 0. ]
M2: !!opencv-matrix
   rows: 3
   cols: 3
   dt: d
   data: [ 5.7379552473684555e+02, 0., 3.5027061769507242e+02, 0.,
       5.6749179841638488e+02, 2.3731483026006697e+02, 0., 0., 1. ]
D2: !!opencv-matrix
   rows: 1
   cols: 14
   dt: d
   data: [ -7.2347140124698062e-02, -1.1960489425825280e+00, 0., 0., 0.,
       0., 0., -2.1067619892571128e+00, 0., 0., 0., 0., 0., 0. ]
